8301	201384074	20657581	17600032123	100049933710	13800	201707	0610000201384074170710000001380060	20170701	20171231	1	11167
8302	200231983	20124951	17300039614	100051380386	13800	201707	0610000200231983170710000001380078	20170701	20171231	1	11289
8303	203785894	20403751	17601058176	100048981919	13800	201707	0610000203785894170710000001380084	20170701	20171231	1	11167
8304	52801889	4923721	16900132122	100042104567	7800	201707	0610000052801889170710000000780035	20170701	20171231	1	11433
8305	52801889	4923721	16900132122	100039162608	7800	201701	0610000052801889170110000000780062	20170101	20170630	1	11433
8306	200347499	20404101	17900032248	100015505851	6900	201607	0610000200347499160712000000690088	20160701	20161231	1	11170
8307	200347499	20404101	17900032248	100047377504	2300	201707	0610000200347499170711000000230005	20170701	20170831	1	11170
8308	200347499	20404101	17900032248	100040449580	13800	201701	0610000200347499170112000001380014	20170101	20170630	1	11170
8309	200242399	20084521	17300049598	100028769592	2300	201701	0610000200242399170111000000230028	20170101	20170131	1	11289
8310	200242399	20084521	17300049598	100012929104	13800	201607	0610000200242399160710000001380048	20160701	20161231	1	11289
8311	1518368	2471721	16803108647	100050464554	13800	201707	0610000001518368170710000001380005	20170701	20171231	1	11627
8312	200038831	20205581	18300037083	100048149736	13800	201707	0610000200038831170711000001380022	20170701	20171231	1	11295

8313	221784677	20109091	17324092729	100051663571	46800	201710	0610000221784677171011000004680078	20180101	20181231	6	11289

8314	200992033	20109381	18300554787	100048067064	13800	201707	0610000200992033170710000001380033	20170701	20171231	1	11295

8315	200289375	20038361	17300094636	100015835924	4600	201607	0610000200289375160711000000460080	20160701	20160831	1	11289

8316	200012280	20125081	18300011736	100035715960	13800	201701	0610000200012280170110000001380024	20170101	20170630	1	11295

8317	200012280	20125081	18300011736	100049859473	6900	201707	0610000200012280170711000000690083	20170701	20170930	1	11295
8318	2941581	5137181	16802670899	100049431226	13800	201707	0610000002941581170710000001380043	20170701	20171231	1	11626

8319	3545267	4921221	16802383415	100049335952	11500	201707	0610000003545267170711000001150058	20170801	20171231	1	11626

8320	200518612	20124571	17300260541	100051390150	13800	201707	0610000200518612170710000001380030	20170701	20171231	1	11289

8321	200414478	20656231	17300200197	100051462376	13800	201707	0610000200414478170710000001380091	20170701	20171231	1	11289

8322	52801399	5138031	16900131658	100039166640	7800	201701	0610000052801399170110000000780022	20170101	20170630	1	11433

8323	52801399	5138031	16900131658	100046237660	7800	201707	0610000052801399170710000000780092	20170701	20171231	1	11433

8324	200529101	20724391	17300270594	100051413503	13800	201707	0610000200529101170710000001380037	20170701	20171231	1	11289


8326	200931587	20198141	18300496801	100048038595	13800	201707	0610000200931587170710000001380010	20170701	20171231	1	11295

8327	201813867	20207491	18301135473	100051329149	6000	201710	0610000201813867171011000000600053	20171208	20181208	6	11295

8328	200964898	20657281	18300528764	100008809652	11500	201607	0610000200964898160711000001150064	20160801	20161231	1	11295

8329	200964898	20657281	18300528764	100041028050	4600	201701	0610000200964898170111000000460068	20170101	20170331	1	11295
8330	201149375	20657241	18300705833	100048075189	13800	201707	0610000201149375170710000001380097	20170701	20171231	1	11295

8331	204191112	22866431	17301593399	100050261393	7800	201707	0610000204191112170710000000780046	20170701	20171231	1	11289
8332	204191112	22866431	17301593399	100050261385	7800	201701	0610000204191112170110000000780073	20170101	20170630	1	11289

8333	203578658	20337541	17600937471	100051798937	10000	201711	0610000203578658171111000001000006	20171217	20181217	6	11167
8334	202590366	20124521	17900453231	100050173461	13800	201707	0610000202590366170710000001380060	20170701	20171231	1	11170

8335	2621893	5137231	16805228575	100050485274	13800	201707	0610000002621893170710000001380041	20170701	20171231	1	11629
8336	3208317	4087321	16804325300	100047820584	13800	201707	0610000003208317170710000001380028	20170701	20171231	1	11628

8337	52723964	4915211	16900058507	100044778399	13800	201707	0610000052723964170710000001380096	20170701	20171231	1	11433
8338	203539966	20108321	17600921576	100051609875	10000	201710	0610000203539966171011000001000050	20171214	20181214	6	11167

8339	1207145	1013391	16804054742	100047799127	13800	201707	0610000001207145170710000001380017	20170701	20171231	1	11628
8340	202033238	20724701	17600277248	100048975675	13800	201707	0610000202033238170710000001380089	20170701	20171231	1	11167

8341	201917104	20108511	17800073851	100028553391	13800	201607	0610000201917104160710000001380048	20160701	20161231	1	11169
8342	201917104	20108511	17800073851	100041038426	4600	201701	0610000201917104170111000000460015	20170101	20170228	1	11169

8343	203209801	20206181	17301025249	100050088372	13800	201707	0610000203209801170710000001380004	20170701	20171231	1	11289
8344	204736917	20206611	17601155682	100010151198	1000	201608	0610000204736917160830000000100040	20160801	20160831	1	11167

8345	204929298	22866501	18000345631	100050012143	7800	201707	0610000204929298170710000000780077	20170701	20171231	1	11171

8346	204929298	22866501	18000345631	100040505592	7800	201701	0610000204929298170110000000780007	20170101	20170630	1	11171
8347	205359633	20656451	17302280348	100051698628	1900	201710	0610000205359633171030000000190084	20171001	20171031	1	11289

8348	7336975	5137431	16802779118	100028713857	500	201612	0610000007336975161130000000050063	20161101	20161130	1	11626
8349	7336975	5137431	16802779118	100014403700	1800	201610	0610000007336975161030000000180096	20161001	20161031	1	11626

8350	7336975	5137431	16802779118	100013375471	1800	201609	0610000007336975160930000000180052	20160901	20160930	1	11626

8351	2913711	5137431	16802556213	100049435687	13800	201707	0610000002913711170710000001380086	20170701	20171231	1	11626
8352	200242690	20084961	17300049877	100015832502	4600	201607	0610000200242690160711000000460050	20160701	20160831	1	11289
8353	200155278	20206731	18300148790	100048104221	13800	201707	0610000200155278170713000001380007	20170701	20171231	1	11295
8354	200180491	20206731	18300178832	100051059379	6000	201709	0610000200180491170911000000600065	20171114	20181114	6	11295
8355	3492849	4408191	16801181594	100012794672	13800	201607	0610000003492849160710000001380047	20160701	20161231	1	11625
8356	3492849	4408191	16801181594	100041157421	2300	201701	0610000003492849170111000000230027	20170101	20170228	1	11625
8357	216490108	5136511	16923176014	194048986	60000	201602	0610000216490108160211000006000008	20160219	20170319	1	11628
8358	3295800	5136631	16802331213	100012488097	13800	201607	0610000003295800160710000001380002	20160701	20161231	1	11626
8359	3295800	5136631	16802331213	100050305368	13800	201707	0610000003295800170710000001380037	20170701	20171231	1	11626
8360	3295800	5136631	16802331213	100038199666	13800	201701	0610000003295800170110000001380064	20170101	20170630	1	11626
8361	200211388	20046711	17300019863	100051454290	13800	201707	0610000200211388170710000001380024	20170701	20171231	1	11289
8362	203241326	20403901	17301055521	100050064907	13800	201707	0610000203241326170710000001380004	20170701	20171231	1	11289
8363	201205733	20205971	18300759913	100049813922	6900	201707	0610000201205733170711000000690094	20170701	20170930	1	11295
8364	201205733	20205971	18300759913	100035621877	13800	201701	0610000201205733170110000001380035	20170101	20170630	1	11295
8365	201406310	20124441	17600053474	100049939084	13800	201707	0610000201406310170710000001380050	20170701	20171231	1	11167
8366	203538576	20206521	17600919807	100051570181	14400	201710	0610000203538576171011000001440077	20171212	20181212	6	11167
8367	202762339	20484531	17800152489	100049640299	6900	201707	0610000202762339170711000000690082	20170701	20170930	1	11169
8368	202762339	20484531	17800152489	100038729308	11500	201701	0610000202762339170111000001150083	20170201	20170630	1	11169
8369	201377488	21128411	17600025805	100049975358	13800	201707	0610000201377488170710000001380043	20170701	20171231	1	11167

8370	7370518	5167521	16807349520	100051702699	3500	201710	0610000007370518171030000000350020	20171001	20171031	1	11631

8371	6916464	5167521	16807376549	100051771291	3500	201710	0610000006916464171030000000350044	20171001	20171031	1	11631

8372	200069630	20656241	18300066473	100048145160	13800	201707	0610000200069630170710000001380084	20170701	20171231	1	11295

8373	200440033	20337931	17300224585	100051489073	13800	201707	0610000200440033170710000001380055	20170701	20171231	1	11289

8374	200519326	20124581	17300261225	100051453896	13800	201707	0610000200519326170710000001380019	20170701	20171231	1	11289

8375	1394843	4012971	16801153507	100051578419	11500	201707	0610000001394843170711000001150004	20170701	20171231	1	11625

8376	3055692	4013001	16807060861	100047763943	13800	201707	0610000003055692170710000001380064	20170701	20171231	1	11631

8377	202614181	22867041	17900476091	100050172165	13800	201707	0610000202614181170710000001380072	20170701	20171231	1	11170

8378	1620629	2701611	16802102191	100049217356	6900	201707	0610000001620629170711000000690081	20170701	20170930	1	11626

8379	1620629	2701611	16802102191	100038452121	13800	201701	0610000001620629170110000001380022	20170101	20170630	1	11626

8380	1261640	4292661	16804069573	100049435758	6900	201707	0610000001261640170711000000690048	20170701	20170930	1	11628

8381	1261640	4292661	16804069573	100036328267	13800	201701	0610000001261640170110000001380086	20170101	20170630	1	11628
8382	3488556	2157961	16807031275	100050414081	7800	201707	0610000003488556170710000000780034	20170701	20171231	1	11631

8383	1750349	4408221	16804276466	100049450611	13800	201707	0610000001750349170710000001380049	20170701	20171231	1	11628

8384	1856517	5135981	16808120924	100015606081	2300	201607	0610000001856517160711000000230041	20160701	20160831	1	11633
8385	200280070	20123161	17300085716	100051408113	13800	201707	0610000200280070170710000001380072	20170701	20171231	1	11289
8386	201120878	20683931	18300678451	100035808247	13800	201701	0610000201120878170110000001380098	20170101	20170630	1	11295
8387	201120878	20683931	18300678451	100049851291	6900	201707	0610000201120878170711000000690060	20170701	20170930	1	11295
8388	202520403	20125151	17900386028	100015388693	2300	201607	0610000202520403160755000000230057	20160701	20161231	1	11170
8389	200738723	20125571	17300390448	100011450985	6900	201607	0610000200738723160711000000690031	20160701	20160930	1	11289
8390	6815211	5164101	16803716648	100051235148	12000	201710	0610000006815211171011000001200058	20171006	20181031	1	11627
8391	1792062	4698491	16802188343	100049336594	13800	201707	0610000001792062170710000001380073	20170701	20171231	1	11626
8392	3595767	2809911	16802281985	100049328136	13800	201707	0610000003595767170710000001380090	20170701	20171231	1	11626
8393	1082241	3845561	16803004164	100036233323	13800	201701	0610000001082241170110000001380009	20170101	20170630	1	11627
8394	1082241	3845561	16803004164	100048547634	4600	201707	0610000001082241170711000000460081	20170701	20170930	1	11627
8395	3162066	2973531	16806252511	100050324638	7800	201707	0610000003162066170710000000780033	20170701	20171231	1	11630
8396	1790021	2973991	16802186794	100049330737	13800	201707	0610000001790021170710000001380041	20170701	20171231	1	11626
8397	52817009	2975321	16900146399	100044718431	13800	201707	0610000052817009170710000001380078	20170701	20171231	1	11433
8398	2631334	3365361	16804319474	100034435919	13800	201701	0610000002631334170110000001380033	20170101	20170630	1	11628
8399	2631334	3365361	16804319474	100049417152	4600	201707	0610000002631334170711000000460008	20170701	20170930	1	11628
8400	3145366	3999141	16802135053	100050463480	6900	201707	0610000003145366170711000000690033	20170701	20171231	1	11626
8401	2993395	3994951	16802988831	100028757352	2300	201701	0610000002993395170111000000230019	20170101	20170131	1	11626
8402	52624973	5160931	16910390699	100049532113	13800	201707	0610000052624973170710000001380076	20170701	20171231	1	11633
8403	53475801	5135401	16807190738	100050488910	13800	201707	0610000053475801170710000001380016	20170701	20171231	1	11631
8404	56045800	3926001	16802220238	100038444038	13800	201701	0610000056045800170110000001380012	20170101	20170630	1	11626
8405	56045800	3926001	16802220238	100049078032	4600	201707	0610000056045800170711000000460084	20170701	20170930	1	11626
8406	52667569	3370681	16900005238	100045705008	13800	201707	0610000052667569170710000001380083	20170701	20171231	1	11433
8407	2196086	2586021	16808283748	100049524295	13800	201707	0610000002196086170710000001380031	20170701	20171231	1	11633
8408	4143455	2586041	16807623211	100051723804	1900	201710	0610000004143455171030000000190016	20171001	20171031	1	11631
8409	2201909	3978451	16808293933	100013770572	13800	201607	0610000002201909160713000001380064	20160701	20161231	1	11633
8410	2201909	3978451	16808293933	100041163604	4600	201701	0610000002201909170111000000460084	20170101	20170228	1	11633
8411	1629288	3974901	16802109957	100049422137	13800	201707	0610000001629288170710000001380009	20170701	20171231	1	11626
8412	1864521	3978461	16808132942	100049517521	13800	201707	0610000001864521170710000001380073	20170701	20171231	1	11633
8413	52692649	3321131	16900028936	100043069685	13800	201707	0610000052692649170710000001380030	20170701	20171231	1	11433
8414	220060214	22866411	17323531075	100051550970	15000	201710	0610000220060214171011000001500054	20171211	20181211	6	11289
8415	220059085	22866601	17323530520	100051550756	15000	201710	0610000220059085171011000001500043	20171211	20181211	6	11289
8416	2173830	3996481	16808245348	100047786800	13800	201707	0610000002173830170710000001380075	20170701	20171231	1	11633
8417	1946769	3996491	16806123380	100050300109	7800	201707	0610000001946769170710000000780064	20170701	20171231	1	11630
8418	6642465	3846881	16808657713	100051754120	3000	201710	0610000006642465171030000000300006	20171001	20171031	1	11633
8419	2262566	3974401	16805255559	100011252520	4900	201607	0610000002262566160711000000490057	20160701	20160930	1	11629
8420	2825117	4694241	16803517811	100015558842	2300	201607	0610000002825117160711000000230093	20160701	20160831	1	11627
8421	2637599	2585891	16803372618	100051583253	4600	201707	0610000002637599170711000000460076	20171101	20171231	1	11627
8422	51828000	3997591	16906294953	100051749622	1000	201710	0610000051828000171030000000100095	20171001	20171031	1	11628
8423	1763133	5160371	16804291843	100049448389	13800	201707	0610000001763133170710000001380083	20170701	20171231	1	11628
8424	3099928	2810571	16807068257	100047775599	13800	201707	0610000003099928170710000001380096	20170701	20171231	1	11631
8425	3405155	3366851	16804217340	100015586676	4600	201607	0610000003405155160711000000460098	20160701	20160930	1	11628
8426	215829112	20196631	17810842917	100051238477	10000	201710	0610000215829112171011000001000032	20171126	20181126	6	11169
8427	202101127	20657141	17600342325	100015703620	2300	201607	0610000202101127160711000000230078	20160701	20160831	1	11167
8428	201033129	20657181	18300594234	100048060206	13800	201707	0610000201033129170710000001380068	20170701	20171231	1	11295
8429	3283103	4695031	16802243901	100034234664	13800	201701	0610000003283103170110000001380047	20170101	20170630	1	11626
8430	3283103	4695031	16802243901	100049330659	4600	201707	0610000003283103170711000000460022	20170701	20170930	1	11626
8431	1550990	3977961	16806037306	100049310100	13800	201707	0610000001550990170710000001380051	20170701	20171231	1	11630
8432	10604917	4014451	16910427215	100051209924	55000	201710	0610000010604917171011000005500075	20171202	20190302	1	11633
8433	1943153	4013261	16806116369	100036134602	13800	201701	0610000001943153170110000001380014	20170101	20170630	1	11630
8434	1943153	4013261	16806116369	100049693637	6900	201707	0610000001943153170711000000690073	20170701	20170930	1	11630
8435	2564758	3998771	16805232278	100047768182	13800	201707	0610000002564758170710000001380025	20170701	20171231	1	11629
8436	1483831	3979771	16804220124	100047838027	13800	201707	0610000001483831170710000001380062	20170701	20171231	1	11628
8437	2841528	3998061	16806395699	100049335793	13800	201707	0610000002841528170713000001380010	20170701	20171231	1	11630
8438	1272970	3979671	16804086420	100049911401	6900	201707	0610000001272970170711000000690090	20171001	20171231	1	11628
8439	2947479	3845661	16808675316	100047782943	7800	201707	0610000002947479170710000000780043	20170701	20171231	1	11633
8440	3240223	3989071	16807173068	100015127956	13800	201607	0610000003240223160715000001380075	20160701	20161231	1	11631
8441	3240223	3989071	16807173068	100041144009	4600	201701	0610000003240223170111000000460098	20170101	20170228	1	11631
8442	204155961	20685471	17301556067	100051430950	13800	201707	0610000204155961170710000001380083	20170701	20171231	1	11289
8443	1843910	4696591	16808105209	100049534063	13800	201707	0610000001843910170710000001380085	20170701	20171231	1	11633
8444	204289659	22865311	17301698058	100012961644	13800	201607	0610000204289659160710000001380013	20160701	20161231	1	11289
8445	204289659	22865311	17301698058	100028742061	2300	201701	0610000204289659170111000000230090	20170101	20170131	1	11289
8446	1296087	2584751	16804120624	100050451355	9200	201707	0610000001296087170712000000920081	20170901	20171231	1	11628
8447	200549873	20656631	17300290495	100051389044	13800	201707	0610000200549873170710000001380052	20170701	20171231	1	11289
8448	217888700	2585961	16923653318	100051227336	35000	201710	0610000217888700171011000003500006	20171127	20181127	6	11629
8449	3486567	3554741	16804006908	100047827283	13800	201707	0610000003486567170710000001380072	20170701	20171231	1	11628
8450	2294285	2586741	16808329779	100047796112	13800	201707	0610000002294285170710000001380020	20170701	20171231	1	11633
8451	5917568	3365371	16801742660	100051223517	5000	201710	0610000005917568171011000000500066	20171125	20181125	6	11625
8452	5917568	3365371	16801742660	100051724016	3500	201710	0610000005917568171030000000350027	20171001	20171031	1	11625
8453	2861559	3926591	16803531137	100047849041	13800	201707	0610000002861559170710000001380067	20170701	20171231	1	11627
8454	204501320	22865761	17301922758	100051441276	13800	201707	0610000204501320170710000001380007	20170701	20171231	1	11289
8455	202513064	20197661	17900378992	100050161949	11500	201707	0610000202513064170711000001150079	20170701	20171231	1	11170
8456	202969381	20197861	17300871528	100051406633	13800	201707	0610000202969381170710000001380057	20170701	20171231	1	11289
8457	3500424	3972061	16804292717	100049442608	9200	201707	0610000003500424170711000000920033	20170901	20171231	1	11628
8458	3358423	2809431	16801137249	100049357325	13800	201707	0610000003358423170710000001380016	20170701	20171231	1	11625
8459	1447594	3972571	16804188165	100049842063	6900	201707	0610000001447594170711000000690088	20170701	20170930	1	11628
8460	1447594	3972571	16804188165	100034425087	13800	201701	0610000001447594170110000001380029	20170101	20170630	1	11628
8461	1064559	4693931	16805001979	100047886413	13800	201707	0610000001064559170710000001380049	20170701	20171231	1	11629
8462	3553242	4697451	16803299586	100049341922	13800	201707	0610000003553242170710000001380069	20170701	20171231	1	11627
8463	2991370	3698391	16806782131	100049317324	13800	201707	0610000002991370170710000001380073	20170701	20171231	1	11630
8464	10129766	3696631	16904200211	100051663165	58800	201710	0610000010129766171011000005880052	20180101	20181231	6	11630
8465	3720389	3928561	16807041987	100047758985	13800	201707	0610000003720389170710000001380003	20170701	20171231	1	11631
8466	200430077	20197841	17300215077	100051495052	13800	201707	0610000200430077170710000001380044	20170701	20171231	1	11289
8467	2817046	3995661	16801360372	100049354590	13800	201707	0610000002817046170713000001380094	20170701	20171231	1	11625
8468	3485256	3697941	16805021695	100047890966	13800	201707	0610000003485256170710000001380060	20170701	20171231	1	11629
8469	1445343	3928391	16804190669	100049166236	4600	201707	0610000001445343170711000000460038	20170701	20170930	1	11628
8470	1445343	3928391	16804190669	100038381460	13800	201701	0610000001445343170110000001380063	20170101	20170630	1	11628
8471	2204735	3927121	16808290335	100050490104	13800	201707	0610000002204735170710000001380062	20170701	20171231	1	11633
8472	3185423	3989501	16802024772	100015606148	4600	201607	0610000003185423160711000000460076	20160701	20160930	1	11626
8473	1753843	2810431	16802153370	100049493719	13800	201707	0610000001753843170710000001380065	20170701	20171231	1	11626
8474	221629973	2810451	16925113326	100050993741	20000	201710	0610000221629973171011000002000056	20171202	20181202	6	11433
8475	202026266	20124241	17600270563	100051629072	4600	201707	0610000202026266170711000000460090	20171101	20171231	1	11167
8476	2036581	4693111	16807169881	100047787619	13800	201707	0610000002036581170710000001380026	20170701	20171231	1	11631
8477	218650225	20124941	16804303172	100047829379	13800	201707	0610000218650225170710000001380007	20170701	20171231	1	11628
8478	200554875	20125211	17300295292	100051489562	13800	201707	0610000200554875170710000001380007	20170701	20171231	1	11289
8479	6701074	2584001	16804608205	100051719623	1000	201710	0610000006701074171030000000100063	20171001	20171031	1	11628
8480	2235092	3695821	16805254889	100047911103	13800	201707	0610000002235092170710000001380030	20170701	20171231	1	11629
8481	4901109	3369971	16802824720	100051713039	3500	201710	0610000004901109171030000000350059	20171001	20171031	1	11626
8482	54749702	3370711	16902568615	100051703743	1000	201710	0610000054749702171030000000100009	20171001	20171031	1	11626
8483	54749900	3370711	16902568616,16923643431	100051697874	2000	201710	0610000054749900171030000000200048	20171001	20171031	1	11626
8484	201193218	20197531	18300747892	100048043510	13800	201707	0610000201193218170710000001380089	20170701	20171231	1	11295
8485	200216639	20684581	17300024898	100051458175	13800	201707	0610000200216639170710000001380031	20170701	20171231	1	11289
8486	200216639	20684581	17300024898	100039699550	11500	201701	0610000200216639170111000001150021	20170101	20170630	1	11289
8487	3824467	3927221	16805138159	100050348016	13800	201707	0610000003824467170710000001380076	20170701	20171231	1	11629
8488	1784784	3927231	16802182796	100041132778	4600	201701	0610000001784784170111000000460078	20170101	20170228	1	11626
8489	1784784	3927231	16802182796	100015561208	4600	201607	0610000001784784160711000000460016	20160701	20161231	1	11626
8490	2378289	3979381	16806171985	100050331986	13800	201707	0610000002378289170710000001380036	20170701	20171231	1	11630
8491	1997375	5166921	16802265542	100015592915	2300	201607	0610000001997375160711000000230056	20160701	20160831	1	11626
8492	203452800	20337841	18301532833	100051329635	6000	201710	0610000203452800171011000000600027	20171208	20181208	6	11295
8493	201000547	20685261	18300562957	100048033906	13800	201707	0610000201000547170710000001380051	20170701	20171231	1	11295
8494	215865755	20685451	17911008943	100028786227	15000	201701	0610000215865755170111000001500069	20170215	20180215	6	11170
8495	202458192	20685451	17900326295	100012885716	13800	201607	0610000202458192160710000001380030	20160701	20161231	1	11170
8496	202458192	20685451	17900326295	100041098491	2300	201701	0610000202458192170111000000230010	20170101	20170228	1	11170
8497	3732326	3979511	16808282454	100049517536	13800	201707	0610000003732326170710000001380051	20170701	20171231	1	11633
8498	1263510	3978531	16804070266	100049432448	13800	201707	0610000001263510170710000001380081	20170701	20171231	1	11628
8499	3536366	2320561	16801128115	100050377231	13800	201707	0610000003536366170710000001380085	20170701	20171231	1	11625
8500	200049107	20197161	18300046882	100048125181	13800	201707	0610000200049107170710000001380024	20170701	20171231	1	11295
8501	56047316	4543441	16802505436	100049431713	13800	201707	0610000056047316170710000001380085	20170701	20171231	1	11626
8502	3280504	2987901	16808125254	100050476869	13800	201707	0610000003280504170710000001380083	20170701	20171231	1	11633
8503	6613543	5165631	16808974568	100051154673	3000	201709	0610000006613543170930000000300028	20170901	20170930	1	11633
8504	6613543	5165631	16808974568	100051754078	4500	201710	0610000006613543171030000000450034	20171001	20171031	1	11633
8505	221679392	22866761	17811448407	100051677872	106800	201710	0610000221679392171011000010680081	20180101	20181231	6	11169
8506	202576454	22865971	17900439876	100048364729	13800	201707	0610000202576454170710000001380023	20170701	20171231	1	11170
8507	1122390	4698001	16803051945	100049376803	13800	201707	0610000001122390170710000001380007	20170701	20171231	1	11627
8508	2544697	3926231	16804309319	100049448183	9200	201707	0610000002544697170711000000920048	20170701	20171231	1	11628
8509	8766738	2869851	16906193653	100051697285	2500	201710	0610000008766738171030000000250029	20171001	20171031	1	11628
8510	1198721	2869851	16804041712	100049449372	13800	201707	0610000001198721170710000001380040	20170701	20171231	1	11628
8511	2708141	5163631	16802357828	100011685748	6900	201607	0610000002708141160711000000690018	20160701	20160930	1	11626
8512	1592520	5166111	16802048015	100049297743	11500	201707	0610000001592520170711000001150029	20170701	20171231	1	11626
8513	3821368	4638391	16808284823	100049512868	13800	201707	0610000003821368170710000001380019	20170701	20171231	1	11633
8514	217655549	3925331	16804071209	100049440851	13800	201707	0610000217655549170710000001380091	20170701	20171231	1	11628
8515	3275947	3696181	16803159084	100049369576	6900	201707	0610000003275947170711000000690088	20170701	20170930	1	11627
8516	3275947	3696181	16803159084	100034294792	13800	201701	0610000003275947170110000001380029	20170101	20170630	1	11627
8517	2032532	4697361	16807160989	100034387903	13800	201701	0610000002032532170110000001380059	20170101	20170630	1	11631
8518	2032532	4697361	16807160989	100047988185	4600	201707	0610000002032532170711000000460034	20170701	20170831	1	11631
8519	1186667	5166151	16801055984	100047720541	13800	201707	0610000001186667170710000001380026	20170701	20171231	1	11625
8520	201071953	20683971	18300631490	100048041944	13800	201707	0610000201071953170710000001380066	20170701	20171231	1	11295
8521	2946605	3996421	16807804511	100050417964	13800	201707	0610000002946605170710000001380077	20170701	20171231	1	11631
8522	202321006	20685611	17600556980	100051241372	15000	201710	0610000202321006171011000001500009	20171129	20181129	6	11167
8523	1459869	4637961	16803067479	100047727842	13800	201707	0610000001459869170710000001380038	20170701	20171231	1	11627
8524	1115971	3974891	16803044533	100049371078	13800	201707	0610000001115971170710000001380065	20170701	20171231	1	11627
8525	1350969	3925481	16808072882	100036220120	13800	201701	0610000001350969170110000001380022	20170101	20170630	1	11633
8526	7453280	3925481	16910385361	100013342048	1820	201609	0610000007453280160930000000182008	20160901	20160930	1	11633
8527	7453280	3925481	16910385361	100010423172	2000	201608	0610000007453280160830000000200006	20160801	20160831	1	11633
8528	7453280	3925481	16910385361	100008602118	2000	201607	0610000007453280160730000000200059	20160701	20160731	1	11633
8529	1350969	3925481	16808072882	100049395234	13800	201707	0610000001350969170710000001380092	20170701	20171231	1	11633
8530	221579807	5166391	16925068345	100051158604	20000	201709	0610000221579807170911000002000070	20171112	20181112	6	11433
8531	2692251	3696671	16806317432	100049309116	13800	201707	0610000002692251170710000001380014	20170701	20171231	1	11630
8532	2120339	3980531	16806130648	100049306947	13800	201707	0610000002120339170710000001380014	20170701	20171231	1	11630
8533	3259504	5161671	16808535434	100049382828	7800	201707	0610000003259504170710000000780045	20170701	20171231	1	11633
8534	3259504	5161671	16808535434	100036567271	7800	201701	0610000003259504170110000000780072	20170101	20170630	1	11633
8535	2402543	3937831	16805177963	100015568876	2300	201607	0610000002402543160711000000230048	20160701	20160831	1	11629
8536	1005177	3990891	16808007233	100047784946	13800	201707	0610000001005177170710000001380002	20170701	20171231	1	11633
8537	5485755	4697351	16801991234	100051719069	3500	201710	0610000005485755171030000000350081	20171001	20171031	1	11625
8538	1939249	5163111	16806117619	100050359482	13800	201707	0610000001939249170710000001380086	20170701	20171231	1	11630
8539	3175140	5162771	16803004160	100015572227	4600	201607	0610000003175140160711000000460068	20160701	20160930	1	11627
8540	3753670	4024841	16801019581	100015596542	4600	201607	0610000003753670160711000000460050	20160701	20160930	1	11625
8541	2326526	5162351	16806134893	100049290391	13800	201707	0610000002326526170710000001380025	20170701	20171231	1	11630
8542	3420315	3974671	16808230128	100047895534	13800	201707	0610000003420315170710000001380064	20170701	20171231	1	11633
8543	55329352	5163591	16808318277	100049515888	13800	201707	0610000055329352170710000001380034	20170701	20171231	1	11633
8544	1129534	3925431	16803062801	100050496973	13800	201707	0610000001129534170710000001380026	20170701	20171231	1	11627
8545	1425139	3926951	16801190914	100047895767	7800	201707	0610000001425139170710000000780061	20170701	20171231	1	11625
8546	2415199	3926921	16805191893	100047908458	13800	201707	0610000002415199170710000001380048	20170701	20171231	1	11629
8547	2039223	2809411	16807169129	100047782500	13800	201707	0610000002039223170710000001380016	20170701	20171231	1	11631
8548	2410958	2809621	16805188245	100050417564	13800	201707	0610000002410958170710000001380070	20170701	20171231	1	11629
8549	3141268	4698181	16806041439	100049317978	13800	201707	0610000003141268170710000001380046	20170701	20171231	1	11630
8550	2704670	4013581	16804326441	100047828995	13800	201707	0610000002704670170710000001380038	20170701	20171231	1	11628
8551	2236677	4696231	16805067308	100047911172	13800	201707	0610000002236677170710000001380003	20170701	20171231	1	11629
8552	3577190	3016841	16801073648	100050370009	13800	201707	0610000003577190170710000001380078	20170701	20171231	1	11625
8553	2459839	3016931	16806232209	100015552902	2300	201607	0610000002459839160711000000230091	20160701	20160831	1	11630
8554	6378970	2979241	16902548214	100051606001	60000	201710	0610000006378970171011000006000041	20171214	20190114	6	11626
8555	220183776	2811121	16905395060	100033881469	65000	201702	0610000220183776170211000006500021	20170209	20180509	1	11627
8556	8120674	2976991	16907006419	100051121396	800	201709	0610000008120674170930000000080077	20170901	20170930	1	11629
8557	8120674	2976991	16907006419	100051737198	500	201710	0610000008120674171030000000050051	20171001	20171031	1	11629
8558	5739379	2977711	16805509522	100051753685	900	201710	0610000005739379171030000000090067	20171001	20171031	1	11629
8559	1446670	3373281	16804190911	100050450607	13800	201707	0610000001446670170710000001380079	20170701	20171231	1	11628
8560	1273695	4032211	16804087669	100047831717	13800	201707	0610000001273695170710000001380081	20170701	20171231	1	11628
8561	4369902	3016751	16802685364	100051701227	2000	201710	0610000004369902171030000000200011	20171001	20171031	1	11626
8562	4369903	3016751	16802685365	100051689533	2000	201710	0610000004369903171030000000200019	20171001	20171031	1	11626
8563	2696115	3017511	16807280077	100047774712	13800	201707	0610000002696115170710000001380080	20170701	20171231	1	11631
8564	1499430	3554841	16804244491	100049445021	13800	201707	0610000001499430170710000001380015	20170701	20171231	1	11628
8565	1354083	2844361	16808083337	100011179867	6900	201607	0610000001354083160711000000690029	20160701	20160930	1	11633
8566	4176610	3928571	16801525226	100051706734	1000	201710	0610000004176610171030000000100042	20171001	20171031	1	11625
8567	3591246	2979451	16808106217	100049529646	13800	201707	0610000003591246170710000001380006	20170701	20171231	1	11633
8568	5388281	4544961	16804981467	100051730438	1000	201710	0610000005388281171030000000100006	20171001	20171031	1	11628
8569	1869727	4543941	16808384746	100048419876	4600	201707	0610000001869727170711000000460013	20170701	20170930	1	11633
8570	1869727	4543941	16808384746	100034406164	13800	201701	0610000001869727170110000001380038	20170101	20170630	1	11633
8571	1957240	4013121	16808174951	100047787657	13800	201707	0610000001957240170710000001380066	20170701	20171231	1	11633
8572	1791838	3990531	16802190277	100050314336	13800	201707	0610000001791838170710000001380027	20170701	20171231	1	11626
8573	52734201	2845621	16900068171	100039083024	13800	201701	0610000052734201170110000001380054	20170101	20170630	1	11433
8574	52734201	2845621	16900068171	100043161831	13800	201707	0610000052734201170710000001380027	20170701	20171231	1	11433
8575	3180737	4546691	16808057270	100049399174	13800	201707	0610000003180737170710000001380063	20170701	20171231	1	11633
8576	2695255	4546981	16803390721	100049477198	13800	201707	0610000002695255170710000001380087	20170701	20171231	1	11627
8577	9464611	4543751	16911002552	100010717191	7800	201607	0610000009464611160710000000780049	20160701	20161231	1	11630
8578	5028530	4544621	16804854531	100013372312	500	201609	0610000005028530160830000000050007	20160801	20160831	1	11628
8579	2894275	4544621	16804489169	100010837157	9180	201607	0610000002894275160764000000918059	20160701	20161231	1	11628
8580	2894275	4544621	16804489169	100041149596	4600	201701	0610000002894275170113000000460018	20170101	20170630	1	11628
8581	3159200	3928551	16806161539	100012426222	7800	201607	0610000003159200160710000000780059	20160701	20161231	1	11630
8582	3159200	3928551	16806161539	100050322985	7800	201707	0610000003159200170710000000780094	20170701	20171231	1	11630
8583	1418191	3929221	16801179776	100049654621	6900	201707	0610000001418191170711000000690089	20170701	20170930	1	11625
8584	1418191	3929221	16801179776	100037548530	13800	201701	0610000001418191170112000001380027	20170101	20170630	1	11625
8585	1326659	2808671	16808039160	100010804728	7800	201607	0610000001326659160710000000780020	20160701	20161231	1	11633
8586	1326659	2808671	16808039160	100049389023	7800	201707	0610000001326659170710000000780055	20170701	20171231	1	11633
8587	1326659	2808671	16808039160	100040359649	7800	201701	0610000001326659170110000000780082	20170101	20170630	1	11633
8588	52676727	3371351	16900013889	100012007348	6900	201607	0610000052676727160711000000690066	20160701	20160930	1	11433
8589	1555988	2976701	16806043113	100050327146	13800	201707	0610000001555988170710000001380071	20170701	20171231	1	11630
8590	3330623	3697391	16803293715	100050466877	13800	201707	0610000003330623170710000001380037	20170701	20171231	1	11627
8591	3833625	4544201	16802387879	100015592852	2300	201607	0610000003833625160711000000230085	20160701	20160831	1	11626
8592	3436876	3322861	16807615321	100050427582	13800	201707	0610000003436876170714000001380044	20170701	20171231	1	11631
8593	3342381	2845211	16805030379	100034319558	13800	201701	0610000003342381170110000001380038	20170101	20170630	1	11629
8594	3342381	2845211	16805030379	100047648156	4600	201707	0610000003342381170711000000460013	20170701	20170831	1	11629
8595	1441561	4544601	16804181018	100050443674	13800	201707	0610000001441561170710000001380044	20170701	20171231	1	11628
8596	2353525	5047021	16802302111	100010719063	13800	201607	0610000002353525160710000001380060	20160701	20161231	1	11626
8597	2353525	5047021	16802302111	100041130134	4600	201701	0610000002353525170111000000460027	20170101	20170228	1	11626
8598	3539251	3989531	16806015771	100047712393	13800	201707	0610000003539251170710000001380079	20170701	20171231	1	11630
8599	2006900	3977761	16807125612	100014183920	6500	201607	0610000002006900160711000000650024	20160701	20161231	1	11631
8600	3563735	2844911	16803337577	100010735000	13800	201607	0610000003563735160710000001380073	20160701	20161231	1	11627
8601	3563735	2844911	16803337577	100041137464	4600	201701	0610000003563735170111000000460040	20170101	20170228	1	11627
8602	5971232	3370751	16803895763	100051547885	55000	201710	0610000005971232171011000005500018	20171211	20190111	6	11627
8603	2852666	5046391	16802508913	100051370612	11500	201707	0610000002852666170712000001150034	20170701	20171231	1	11626
8604	2782966	2981061	16805255525	100050495704	13800	201707	0610000002782966170710000001380077	20170701	20171231	1	11629
8605	1337185	4546681	16808056859	100034340889	13800	201701	0610000001337185170110000001380039	20170101	20170630	1	11633
8606	6310306	4546681	16808757692	100051742368	1500	201710	0610000006310306171030000000150087	20171001	20171031	1	11633
8607	1337185	4546681	16808056859	100049406098	13800	201707	0610000001337185170710000001380012	20170701	20171231	1	11633
8608	1912775	2978501	16806076256	100050320143	13800	201707	0610000001912775170710000001380045	20170701	20171231	1	11630
8609	53466334	2977671	16804205169	100047817533	13800	201707	0610000053466334170710000001380037	20170701	20171231	1	11628
8610	3701750	2844371	16802493503	100049487793	13800	201707	0610000003701750170710000001380077	20170701	20171231	1	11626
8611	1401038	3998081	16801156540	100049223146	6900	201707	0610000001401038170711000000690023	20170701	20170930	1	11625
8612	1401038	3998081	16801156540	100038470708	13800	201701	0610000001401038170110000001380061	20170101	20170630	1	11625
8613	3624448	3554861	16808075549	100015583793	4600	201607	0610000003624448160711000000460003	20160701	20160930	1	11633
8614	3536606	2844201	16801138779	100047723096	13800	201707	0610000003536606170710000001380065	20170701	20171231	1	11625
8615	3101063	3695631	16802129228	100049483979	13800	201707	0610000003101063170710000001380058	20170701	20171231	1	11626
8616	2655295	4544501	16806309609	100050319756	7800	201707	0610000002655295170710000000780077	20170701	20171231	1	11630
8617	2542757	2850571	16801214982	100050441115	13800	201707	0610000002542757170710000001380072	20170701	20171231	1	11625
8618	2399068	4032171	16805168468	100047622184	4600	201707	0610000002399068170711000000460012	20170701	20170831	1	11629
8619	2399068	4032171	16805168468	100038506575	13800	201701	0610000002399068170110000001380037	20170101	20170630	1	11629
8620	3303475	2327061	16808533904	100047942165	4600	201707	0610000003303475170711000000460038	20170701	20170831	1	11633
8621	3303475	2327061	16808533904	100036489207	13800	201701	0610000003303475170110000001380063	20170101	20170630	1	11633
8622	4571185	2327371	16803848753	100051647776	106800	201710	0610000004571185171011000010680032	20180101	20181231	6	11627
8623	54539588	3625021	16805136865	100050348603	13800	201707	0610000054539588170710000001380017	20170701	20171231	1	11629
8624	2228009	2320181	16805055006	100047623310	4600	201707	0610000002228009170711000000460016	20170701	20170831	1	11629
8625	2228009	2320181	16805055006	100034326866	13800	201701	0610000002228009170110000001380041	20170101	20170630	1	11629
8626	1835168	4012761	16806062232	100015555602	4600	201607	0610000001835168160711000000460053	20160701	20160930	1	11630
8627	3404881	2849231	16803083241	100034241539	13800	201701	0610000003404881170110000001380003	20170101	20170630	1	11627
8628	3404881	2849231	16803083241	100049342435	6900	201707	0610000003404881170711000000690062	20170701	20170930	1	11627
8629	9848336	2849951	16902391613,16902391651	100051738002	2000	201710	0610000009848336171030000000200070	20171001	20171031	1	11626
8630	1107978	2810861	16803029932	100047742475	13800	201707	0610000001107978170710000001380044	20170701	20171231	1	11627
8631	8835823	2327741	16902348161	100051218766	3000	201709	0610000008835823170930000000300011	20170901	20170930	1	11626
8632	8835823	2327741	16902348161	100051709063	3500	201710	0610000008835823171030000000350010	20171001	20171031	1	11626
8633	1108137	4141641	16803032818	100050387186	13800	201707	0610000001108137170710000001380055	20170701	20171231	1	11627
8634	1749693	3489951	16804277375	100015587767	4600	201607	0610000001749693160711000000460006	20160701	20160831	1	11628
8635	1375641	2910081	16804172011	100050448410	13800	201707	0610000001375641170710000001380073	20170701	20171231	1	11628
8636	3029982	3014821	16802318057	100047855260	13800	201707	0610000003029982170710000001380024	20170701	20171231	1	11626
8637	1984359	3974211	16802244501	100047719571	13800	201707	0610000001984359170710000001380029	20170701	20171231	1	11626
8638	1581926	2980091	16802037210	100049304620	13800	201707	0610000001581926170710000001380092	20170701	20171231	1	11626
8639	2734389	3372641	16806329380	100036072299	13800	201701	0610000002734389170110000001380070	20170101	20170630	1	11630
8640	2734389	3372641	16806329380	100048635012	4600	201707	0610000002734389170711000000460045	20170701	20170930	1	11630
8641	2727522	2908661	16801250112	100049537535	13800	201707	0610000002727522170710000001380009	20170701	20171231	1	11625
8642	2169962	2848321	16808240786	100047762078	13800	201707	0610000002169962170710000001380074	20170701	20171231	1	11633
8643	3701751	3013021	16802493508	100049492327	13800	201707	0610000003701751170710000001380085	20170701	20171231	1	11626
8644	3359169	3974991	16801176920	100047877995	13800	201707	0610000003359169170710000001380067	20170701	20171231	1	11625
8645	11318236	3981511	16906215881	100051766642	1000	201710	0610000011318236171030000000100050	20171001	20171031	1	11628
8646	1762708	3981511	16804289777	100049448671	13800	201707	0610000001762708170710000001380078	20170701	20171231	1	11628
8647	2170567	2979841	16808416037	100051618686	9200	201707	0610000002170567170711000000920040	20170701	20171231	1	11633
8648	2170567	2979841	16808416037	100040347504	13800	201701	0610000002170567170112000001380088	20170101	20170630	1	11633
8649	1198541	2975331	16804041625	100049447904	13800	201707	0610000001198541170710000001380055	20170701	20171231	1	11628
8650	8847979	3321091	16905166749	100051356701	12000	201710	0610000008847979171011000001200055	20171210	20181210	6	11627
8651	3400666	2976071	16804102490	100047813269	13800	201707	0610000003400666170710000001380012	20170701	20171231	1	11628
8652	2220355	2810751	16808315803	100012831950	7800	201607	0610000002220355160710000000780009	20160701	20161231	1	11633
8653	2220355	2810751	16808315803	100049509401	7800	201707	0610000002220355170710000000780044	20170701	20171231	1	11633
8654	2220355	2810751	16808315803	100036551902	7800	201701	0610000002220355170110000000780071	20170101	20170630	1	11633
8655	1694134	3976841	16803175392	100049369736	13800	201707	0610000001694134170710000001380021	20170701	20171231	1	11627
8656	2782520	2978521	16803408742	100049100762	4600	201707	0610000002782520170711000000460003	20170701	20170930	1	11627
8657	2782520	2978521	16803408742	100039198956	13800	201701	0610000002782520170113000001380072	20170101	20170630	1	11627
8658	2450376	2903381	16808343254	100049390378	13800	201707	0610000002450376170710000001380067	20170701	20171231	1	11633
8659	1125649	3450011	16803058478	100050378795	13800	201707	0610000001125649170710000001380083	20170701	20171231	1	11627
8660	2246115	5163601	16805089560	100047914682	13800	201707	0610000002246115170710000001380041	20170701	20171231	1	11629
8661	219616783	5166361	16803662012	100051722717	1800	201710	0610000219616783171030000000180037	20171001	20171031	1	11627
8662	1741870	3696371	16802136868	100051313361	11500	201707	0610000001741870170711000001150080	20170701	20171231	1	11626
8663	2988775	3139561	16805655762	100050495200	13800	201707	0610000002988775170710000001380071	20170701	20171231	1	11629
8664	54357201	3139581	16901140978	100051223840	50000	201710	0610000054357201171011000005000020	20171124	20181224	6	11625
8665	2124567	3694881	16803290920	100049337117	13800	201707	0610000002124567170710000001380082	20170701	20171231	1	11627
8666	2193202	2060441	16808272018	100049510709	13800	201707	0610000002193202170710000001380045	20170701	20171231	1	11633
8667	10709608	3488611	16907202059	100051749481	1500	201710	0610000010709608171030000000150090	20171001	20171031	1	11629
8668	10709608	3488611	16907202059	100051113549	36000	201709	0610000010709608170911000003600025	20170922	20180930	1	11629
8669	8311568	2910801	16903246052	100015556596	6900	201607	0610000008311568160711000000690048	20160701	20160930	1	11630
8670	2343349	2330891	16802293973	100049300319	13800	201707	0610000002343349170710000001380070	20170701	20171231	1	11626
8671	3427938	2980001	16806252546	100050319827	7800	201707	0610000003427938170712000000780087	20170701	20171231	1	11630
8672	55972631	3845741	16905467913	100050609746	4600	201707	0610000055972631170711000000460030	20170701	20171231	1	11627
8673	1560595	2810731	16806039004	100050329562	13800	201707	0610000001560595170713000001380014	20170701	20171231	1	11630
8674	1258396	3976801	16804366595	100015588391	2300	201607	0610000001258396160711000000230083	20160701	20160831	1	11628
8675	1599065	3976831	16802059274	100012485599	6900	201607	0610000001599065160711000000690097	20160701	20160930	1	11626
8676	2272091	3998941	16807202070	100048596592	4600	201707	0610000002272091170711000000460077	20170701	20170930	1	11631
8677	2272091	3998941	16807202070	100038346359	13800	201701	0610000002272091170110000001380005	20170101	20170630	1	11631
8678	1540124	3974221	16806024089	100050333344	13800	201707	0610000001540124170710000001380035	20170701	20171231	1	11630
8679	54302780	3981531	16902549511	100051567346	10000	201710	0610000054302780171011000001000096	20171212	20181212	6	11626
8680	9690928	4546991	16911011035	100047712496	7800	201707	0610000009690928170710000000780018	20170701	20171231	1	11630
8681	1907593	3625321	16807112840	100038476126	13800	201701	0610000001907593170110000001380035	20170101	20170630	1	11631
8682	1907593	3625321	16807112840	100047457805	4600	201707	0610000001907593170711000000460010	20170701	20170831	1	11631
8683	10071008	2984191	16910277178	100050397806	13800	201707	0610000010071008170710000001380041	20170701	20171231	1	11633
8684	3248596	3367011	16805199026	100049516401	13800	201707	0610000003248596170710000001380026	20170701	20171231	1	11629
8685	1374637	3995841	16804172769	100041149053	4600	201701	0610000001374637170111000000460024	20170101	20170228	1	11628
8686	1374637	3995841	16804172769	100014654167	4600	201607	0610000001374637160711000000460059	20160701	20161231	1	11628
8687	3452006	3373251	16802044773	100036114800	13800	201701	0610000003452006170110000001380061	20170101	20170630	1	11626
8688	3452006	3373251	16802044773	100049813511	6900	201707	0610000003452006170711000000690023	20170701	20170930	1	11626
8689	1799568	5163421	16802204464	100049455026	13800	201707	0610000001799568170710000001380078	20170701	20171231	1	11626
8690	5529076	3365391	16902084311	100014102408	3500	201610	0610000005529076161030000000350033	20161001	20161031	1	11626
8691	5529076	3365391	16902084311	100028712893	3500	201612	0610000005529076161230000000350024	20161201	20161231	1	11626
8692	5529076	3365391	16902084311	100015091132	3500	201611	0610000005529076161130000000350077	20161101	20161130	1	11626
8693	5529076	3365391	16902084311	100012218919	3500	201609	0610000005529076160930000000350086	20160901	20160930	1	11626
8694	5529076	3365391	16902084311	100009845019	3500	201608	0610000005529076160830000000350042	20160801	20160831	1	11626
8695	5529076	3365391	16902084311	100008198164	3500	201607	0610000005529076160730000000350095	20160701	20160731	1	11626
8696	5529076	3365391	16902084311	100001163382	3500	201605	0610000005529076160530000000350007	20160501	20160531	1	11626
8697	5529076	3365391	16902084311	195101997	3500	201603	0610000005529076160330000000350016	20160301	20160331	1	11626
8698	5529076	3365391	16902084311	100000163606	3500	201604	0610000005529076160430000000350060	20160401	20160430	1	11626
8699	5529076	3365391	16902084311	100002097423	3500	201606	0610000005529076160630000000350051	20160601	20160630	1	11626
8700	5529076	3365391	16902084311	194413976	3220	201602	0610000005529076160230000000322036	20160201	20160229	1	11626
